,ID,Author,body,Comment,Score,Created On,Replies,Submission,Subreddit,Subreddit_ID,Distinguished,Edited,Is_submitter,link_id,Parent_id,Permalink
0,fwgbe9f,,Im not a trump supporter. I don’t give a fuck about politics. But you do realize you’re encouraging and applauding censorship? Fuck this attitude. “If I don’t agree with you then I want to see you burn”. It’s disgusting and small brained.,Im not a trump supporter. I don’t give a fuck about politics. But you do realize you’re encouraging and applauding censorship? Fuck this attitude. “If I don’t agree with you then I want to see you burn”. It’s disgusting and small brained.,21,2020-06-30 07:10:18,<praw.models.comment_forest.CommentForest object at 0x0000022EEF7C2FD0>,hien6d,reactiongifs,t5_2t5y3,,False,False,t3_hien6d,t3_hien6d,/r/reactiongifs/comments/hien6d/mrw_someone_asks_me_how_i_feel_about_t_d_finally/fwgbe9f/
1,fwgxb2o,,[removed],[removed],6,2020-06-30 12:45:34,<praw.models.comment_forest.CommentForest object at 0x0000022EEF7C61F0>,hien6d,reactiongifs,t5_2t5y3,,False,False,t3_hien6d,t3_hien6d,/r/reactiongifs/comments/hien6d/mrw_someone_asks_me_how_i_feel_about_t_d_finally/fwgxb2o/
2,fwfwq4g,,[deleted],[deleted],5,2020-06-30 03:57:24,<praw.models.comment_forest.CommentForest object at 0x0000022EEF7C6580>,hien6d,reactiongifs,t5_2t5y3,,False,False,t3_hien6d,t3_hien6d,/r/reactiongifs/comments/hien6d/mrw_someone_asks_me_how_i_feel_about_t_d_finally/fwfwq4g/
3,fwfxajf,,T_D what kind of weird ass smiley is that?,T_D what kind of weird ass smiley is that?,3,2020-06-30 04:03:49,<praw.models.comment_forest.CommentForest object at 0x0000022EEF7C66A0>,hien6d,reactiongifs,t5_2t5y3,,False,False,t3_hien6d,t3_hien6d,/r/reactiongifs/comments/hien6d/mrw_someone_asks_me_how_i_feel_about_t_d_finally/fwfxajf/
4,fwfxe5s,KedaZ1,"You do know this is a hydra that will just grow more heads, right?

It’ll find new subreddits to create and still infest the rest with their bullshit. You’ve gotta cut out the source of it all or it will just metastasis until you do.","You do know this is a hydra that will just grow more heads, right?

It’ll find new subreddits to create and still infest the rest with their bullshit. You’ve gotta cut out the source of it all or it will just metastasis until you do.",0,2020-06-30 04:04:57,<praw.models.comment_forest.CommentForest object at 0x0000022EEF7C6940>,hien6d,reactiongifs,t5_2t5y3,,False,False,t3_hien6d,t3_hien6d,/r/reactiongifs/comments/hien6d/mrw_someone_asks_me_how_i_feel_about_t_d_finally/fwfxe5s/
5,fwfq4xc,luckymountain,??,??,1,2020-06-30 02:47:32,<praw.models.comment_forest.CommentForest object at 0x0000022EEF7C6A00>,hien6d,reactiongifs,t5_2t5y3,,False,False,t3_hien6d,t3_hien6d,/r/reactiongifs/comments/hien6d/mrw_someone_asks_me_how_i_feel_about_t_d_finally/fwfq4xc/
6,fwipplk,iamonlyoneman,pretending like the sub wasn't completely dead for months for fake internet points seems not to have worked out well for you here,pretending like the sub wasn't completely dead for months for fake internet points seems not to have worked out well for you here,0,2020-06-30 21:36:33,<praw.models.comment_forest.CommentForest object at 0x0000022EEF7C6B20>,hien6d,reactiongifs,t5_2t5y3,,False,False,t3_hien6d,t3_hien6d,/r/reactiongifs/comments/hien6d/mrw_someone_asks_me_how_i_feel_about_t_d_finally/fwipplk/
7,fwisynk,Simplynotthere24,Exactly dude. The hive mind does not understand long term effects.,Exactly dude. The hive mind does not understand long term effects.,5,2020-06-30 22:02:50,<praw.models.comment_forest.CommentForest object at 0x0000022EEF7C6280>,hien6d,reactiongifs,t5_2t5y3,,False,False,t3_hien6d,t1_fwgbe9f,/r/reactiongifs/comments/hien6d/mrw_someone_asks_me_how_i_feel_about_t_d_finally/fwisynk/
8,fwiu458,,"Totally agree. I’m a gay progressive living in Australia. Unfortunately I think that the way the left has demonised people who don’t view the world exactly the same as they do have contributed to actually getting people like Donald and our own right-wing Prime Minister elected.

These SJWs don’t give a fuck about the economic side of liberal politics. They don’t give a fuck that inequality is rising. They don’t give a fuck that people getting cancer are going bankrupt. They just want to destroy anyone who doesn’t believe in a two spirit gender and if they can cancel that person they think won!!!","Totally agree. I’m a gay progressive living in Australia. Unfortunately I think that the way the left has demonised people who don’t view the world exactly the same as they do have contributed to actually getting people like Donald and our own right-wing Prime Minister elected.

These SJWs don’t give a fuck about the economic side of liberal politics. They don’t give a fuck that inequality is rising. They don’t give a fuck that people getting cancer are going bankrupt. They just want to destroy anyone who doesn’t believe in a two spirit gender and if they can cancel that person they think won!!!",2,2020-06-30 22:12:42,<praw.models.comment_forest.CommentForest object at 0x0000022EEF7C62E0>,hien6d,reactiongifs,t5_2t5y3,,False,False,t3_hien6d,t1_fwgbe9f,/r/reactiongifs/comments/hien6d/mrw_someone_asks_me_how_i_feel_about_t_d_finally/fwiu458/
9,fwgdi4i,,[removed],[removed],-4,2020-06-30 07:42:58,<praw.models.comment_forest.CommentForest object at 0x0000022EEF7C6340>,hien6d,reactiongifs,t5_2t5y3,,False,False,t3_hien6d,t1_fwgbe9f,/r/reactiongifs/comments/hien6d/mrw_someone_asks_me_how_i_feel_about_t_d_finally/fwgdi4i/
10,fwgj9m1,watchman28,"You've got a point, after all Reddit is literally the only place on the entire internet where you can post things.","You've got a point, after all Reddit is literally the only place on the entire internet where you can post things.",-2,2020-06-30 09:18:13,<praw.models.comment_forest.CommentForest object at 0x0000022EEF7C63A0>,hien6d,reactiongifs,t5_2t5y3,,False,False,t3_hien6d,t1_fwgbe9f,/r/reactiongifs/comments/hien6d/mrw_someone_asks_me_how_i_feel_about_t_d_finally/fwgj9m1/
11,fwivux4,,"lol that's rich.. speaking of censorship,  i wonder how many users have been banned from t_d just for voicing a dissenting opinion...   (if i had to guess, the list is probably larger than active subscribed users)","lol that's rich.. speaking of censorship,  i wonder how many users have been banned from t_d just for voicing a dissenting opinion...   (if i had to guess, the list is probably larger than active subscribed users)",0,2020-06-30 22:27:32,<praw.models.comment_forest.CommentForest object at 0x0000022EEF7C64C0>,hien6d,reactiongifs,t5_2t5y3,,1593556415.0,False,t3_hien6d,t1_fwgbe9f,/r/reactiongifs/comments/hien6d/mrw_someone_asks_me_how_i_feel_about_t_d_finally/fwivux4/
12,fwged4v,robinofbyve,"It's not about silencing opposing ideas. It's about de-platforming dangerous rhetoric. I'm all for silencing those who use their platform to incite violence, especially rhetoric that has led to terror attacks. Both the mailbomb guy and the El Paso shooter was active online.","It's not about silencing opposing ideas. It's about de-platforming dangerous rhetoric. I'm all for silencing those who use their platform to incite violence, especially rhetoric that has led to terror attacks. Both the mailbomb guy and the El Paso shooter was active online.",-9,2020-06-30 07:56:55,<praw.models.comment_forest.CommentForest object at 0x0000022EEF7C6520>,hien6d,reactiongifs,t5_2t5y3,,False,False,t3_hien6d,t1_fwgbe9f,/r/reactiongifs/comments/hien6d/mrw_someone_asks_me_how_i_feel_about_t_d_finally/fwged4v/
13,fwhu0am,thealmightymalachi,"You're an idiot.

If someone appears to be deleting, chances are the mods did it.","You're an idiot.

If someone appears to be deleting, chances are the mods did it.",-1,2020-06-30 17:28:08,<praw.models.comment_forest.CommentForest object at 0x0000022EEF7C6640>,hien6d,reactiongifs,t5_2t5y3,,False,True,t3_hien6d,t1_fwgxb2o,/r/reactiongifs/comments/hien6d/mrw_someone_asks_me_how_i_feel_about_t_d_finally/fwhu0am/
14,fwfwyxf,,[removed],[removed],-1,2020-06-30 04:00:10,<praw.models.comment_forest.CommentForest object at 0x0000022EEF7C6760>,hien6d,reactiongifs,t5_2t5y3,,False,False,t3_hien6d,t1_fwfwq4g,/r/reactiongifs/comments/hien6d/mrw_someone_asks_me_how_i_feel_about_t_d_finally/fwfwyxf/
15,fwiojdh,Zurathose,this person is a r/trump user,this person is a r/trump user,0,2020-06-30 21:27:00,<praw.models.comment_forest.CommentForest object at 0x0000022EEF7C6820>,hien6d,reactiongifs,t5_2t5y3,,False,False,t3_hien6d,t1_fwfwq4g,/r/reactiongifs/comments/hien6d/mrw_someone_asks_me_how_i_feel_about_t_d_finally/fwiojdh/
16,fwipu3z,iamonlyoneman,">cancel everyone who disagrees with me

it's not a great philosophy. How about trying to change peoples' minds instead?",">cancel everyone who disagrees with me

it's not a great philosophy. How about trying to change peoples' minds instead?",1,2020-06-30 21:37:33,<praw.models.comment_forest.CommentForest object at 0x0000022EEF7C6AC0>,hien6d,reactiongifs,t5_2t5y3,,False,False,t3_hien6d,t1_fwfxe5s,/r/reactiongifs/comments/hien6d/mrw_someone_asks_me_how_i_feel_about_t_d_finally/fwipu3z/
17,fwfxa9x,original_4degrees,reddit shut down an already derilict sub in a grand victory of decency... or something.,reddit shut down an already derilict sub in a grand victory of decency... or something.,6,2020-06-30 04:03:44,<praw.models.comment_forest.CommentForest object at 0x0000022EEF7C6B80>,hien6d,reactiongifs,t5_2t5y3,,False,False,t3_hien6d,t1_fwfq4xc,/r/reactiongifs/comments/hien6d/mrw_someone_asks_me_how_i_feel_about_t_d_finally/fwfxa9x/
18,fwj1vhh,thealmightymalachi,"Yeah, well. One sometimes has to enter the realm of where some of the kids who went off once they realized their little hate bubble was being shut down has its risks.

Some of us feel expression is more important than being a karmawhore.","Yeah, well. One sometimes has to enter the realm of where some of the kids who went off once they realized their little hate bubble was being shut down has its risks.

Some of us feel expression is more important than being a karmawhore.",1,2020-06-30 23:21:07,<praw.models.comment_forest.CommentForest object at 0x0000022EEF7C6CA0>,hien6d,reactiongifs,t5_2t5y3,,False,True,t3_hien6d,t1_fwipplk,/r/reactiongifs/comments/hien6d/mrw_someone_asks_me_how_i_feel_about_t_d_finally/fwj1vhh/
19,fwgmemn,underbased,"That's what they did. They made their own sub to talk smack. I never cared about them and I don't think they took anything from you. Also how are you providing them with anything?

Forgive me if I'm ignorant but this is my opinion.","That's what they did. They made their own sub to talk smack. I never cared about them and I don't think they took anything from you. Also how are you providing them with anything?

Forgive me if I'm ignorant but this is my opinion.",3,2020-06-30 10:11:35,<praw.models.comment_forest.CommentForest object at 0x0000022EEF7C6400>,hien6d,reactiongifs,t5_2t5y3,,False,False,t3_hien6d,t1_fwgdi4i,/r/reactiongifs/comments/hien6d/mrw_someone_asks_me_how_i_feel_about_t_d_finally/fwgmemn/
20,fwgv87a,Golgothan10,Yours? You invented and developed Reddit?,Yours? You invented and developed Reddit?,2,2020-06-30 12:20:52,<praw.models.comment_forest.CommentForest object at 0x0000022EEF7C6460>,hien6d,reactiongifs,t5_2t5y3,,False,False,t3_hien6d,t1_fwgdi4i,/r/reactiongifs/comments/hien6d/mrw_someone_asks_me_how_i_feel_about_t_d_finally/fwgv87a/
21,fwgmkfa,underbased,"But the result is only them hiding in some hole of the internet, branding themselves as martyrs and becoming only more dangerous while hidden from the public eye.
I think it's a bad move. Maybe I'm wrong.","But the result is only them hiding in some hole of the internet, branding themselves as martyrs and becoming only more dangerous while hidden from the public eye.
I think it's a bad move. Maybe I'm wrong.",4,2020-06-30 10:14:19,<praw.models.comment_forest.CommentForest object at 0x0000022EEF7C65E0>,hien6d,reactiongifs,t5_2t5y3,,False,False,t3_hien6d,t1_fwged4v,/r/reactiongifs/comments/hien6d/mrw_someone_asks_me_how_i_feel_about_t_d_finally/fwgmkfa/
22,fwj3xu6,,[removed],[removed],0,2020-06-30 23:39:55,<praw.models.comment_forest.CommentForest object at 0x0000022EEF7C6700>,hien6d,reactiongifs,t5_2t5y3,,False,False,t3_hien6d,t1_fwhu0am,/r/reactiongifs/comments/hien6d/mrw_someone_asks_me_how_i_feel_about_t_d_finally/fwj3xu6/
23,fwfzd2r,,[removed],[removed],2,2020-06-30 04:27:45,<praw.models.comment_forest.CommentForest object at 0x0000022EEF7C6880>,hien6d,reactiongifs,t5_2t5y3,,False,False,t3_hien6d,t1_fwfwyxf,/r/reactiongifs/comments/hien6d/mrw_someone_asks_me_how_i_feel_about_t_d_finally/fwfzd2r/
24,fwgaju8,,[removed],[removed],1,2020-06-30 06:57:23,<praw.models.comment_forest.CommentForest object at 0x0000022EEF7C68E0>,hien6d,reactiongifs,t5_2t5y3,,False,False,t3_hien6d,t1_fwfwyxf,/r/reactiongifs/comments/hien6d/mrw_someone_asks_me_how_i_feel_about_t_d_finally/fwgaju8/
25,fwitia0,,[deleted],[deleted],2,2020-06-30 22:07:31,<praw.models.comment_forest.CommentForest object at 0x0000022EEF7C69A0>,hien6d,reactiongifs,t5_2t5y3,,1601482605.0,False,t3_hien6d,t1_fwiojdh,/r/reactiongifs/comments/hien6d/mrw_someone_asks_me_how_i_feel_about_t_d_finally/fwitia0/
26,fwj7rj1,luckymountain,"Ok, thanks for the clarification.  Why a question earned me downvotes, I don’t get it.","Ok, thanks for the clarification.  Why a question earned me downvotes, I don’t get it.",1,2020-07-01 00:16:26,<praw.models.comment_forest.CommentForest object at 0x0000022EEF7C6C40>,hien6d,reactiongifs,t5_2t5y3,,False,False,t3_hien6d,t1_fwfxa9x,/r/reactiongifs/comments/hien6d/mrw_someone_asks_me_how_i_feel_about_t_d_finally/fwj7rj1/
27,fwj578u,thealmightymalachi,Smarter than you.,Smarter than you.,1,2020-06-30 23:51:38,<praw.models.comment_forest.CommentForest object at 0x0000022EEF7C67C0>,hien6d,reactiongifs,t5_2t5y3,,False,True,t3_hien6d,t1_fwj3xu6,/r/reactiongifs/comments/hien6d/mrw_someone_asks_me_how_i_feel_about_t_d_finally/fwj578u/
28,fwitt0p,Zurathose,"He’s one of the neonazis, so of course he’s pissed about it.

It also seems your post and comment history is tainted with some bigot and nazi subs as well.","He’s one of the neonazis, so of course he’s pissed about it.

It also seems your post and comment history is tainted with some bigot and nazi subs as well.",0,2020-06-30 22:10:02,<praw.models.comment_forest.CommentForest object at 0x0000022EEF7C6A60>,hien6d,reactiongifs,t5_2t5y3,,False,False,t3_hien6d,t1_fwitia0,/r/reactiongifs/comments/hien6d/mrw_someone_asks_me_how_i_feel_about_t_d_finally/fwitt0p/
29,gaw3455,Flutters1013,Snoopy just chilling in the background,Snoopy just chilling in the background,14,2020-11-02 12:45:52,<praw.models.comment_forest.CommentForest object at 0x0000022E88968BB0>,jmmp09,reactiongifs,t5_2t5y3,,False,False,t3_jmmp09,t3_jmmp09,/r/reactiongifs/comments/jmmp09/trump_reacts_to_losing_election_having_covid_no/gaw3455/
30,gayl1ii,RepostSleuthBot,"Looks like a repost. I've seen this image 3 times. 

First seen [Here](https://redd.it/8sp1us) on 2018-06-21 93.75% match. Last seen [Here](https://redd.it/b1aidn) on 2019-03-15 92.19% match 

**Searched Images:** 166,862,441 | **Indexed Posts:** 639,720,816 | **Search Time:** 1.87709s 

*Feedback? Hate? Visit r/repostsleuthbot - I'm not perfect, but you can help. Report [ [False Positive](https://www.reddit.com/message/compose/?to=RepostSleuthBot&subject=False%20Positive&message={""post_id"": ""jmmp09"", ""meme_template"": null}) ]* 

[View Search On repostsleuth.com](https://www.repostsleuth.com?postId=jmmp09&sameSub=false&filterOnlyOlder=true&memeFilter=true&filterDeadMatches=true&targetImageMatch=86&targetImageMemeMatch=96)","Looks like a repost. I've seen this image 3 times. 

First seen [Here](https://redd.it/8sp1us) on 2018-06-21 93.75% match. Last seen [Here](https://redd.it/b1aidn) on 2019-03-15 92.19% match 

**Searched Images:** 166,862,441 | **Indexed Posts:** 639,720,816 | **Search Time:** 1.87709s 

*Feedback? Hate? Visit r/repostsleuthbot - I'm not perfect, but you can help. Report [ [False Positive](https://www.reddit.com/message/compose/?to=RepostSleuthBot&subject=False%20Positive&message={""post_id"": ""jmmp09"", ""meme_template"": null}) ]* 

[View Search On repostsleuth.com](https://www.repostsleuth.com?postId=jmmp09&sameSub=false&filterOnlyOlder=true&memeFilter=true&filterDeadMatches=true&targetImageMatch=86&targetImageMemeMatch=96)",2,2020-11-03 01:38:57,<praw.models.comment_forest.CommentForest object at 0x0000022E88968BE0>,jmmp09,reactiongifs,t5_2t5y3,,False,False,t3_jmmp09,t3_jmmp09,/r/reactiongifs/comments/jmmp09/trump_reacts_to_losing_election_having_covid_no/gayl1ii/
31,gb2h6qf,DingbattheGreat,"Oh yes, Trump hanging his head as he no longer has to deal with peoples petty BS and moves back into one of his multimillion properties out of the comparatively cramped White House.","Oh yes, Trump hanging his head as he no longer has to deal with peoples petty BS and moves back into one of his multimillion properties out of the comparatively cramped White House.",2,2020-11-04 01:34:04,<praw.models.comment_forest.CommentForest object at 0x0000022E88968D60>,jmmp09,reactiongifs,t5_2t5y3,,False,False,t3_jmmp09,t3_jmmp09,/r/reactiongifs/comments/jmmp09/trump_reacts_to_losing_election_having_covid_no/gb2h6qf/
32,gaw4oz5,MajorTomsHelmet,"Not sure why this gif made bye giggle so hard along with that comment but I'm here for it.

Thanks, I needed that.","Not sure why this gif made bye giggle so hard along with that comment but I'm here for it.

Thanks, I needed that.",0,2020-11-02 13:05:38,<praw.models.comment_forest.CommentForest object at 0x0000022E88968D90>,jmmp09,reactiongifs,t5_2t5y3,,False,False,t3_jmmp09,t3_jmmp09,/r/reactiongifs/comments/jmmp09/trump_reacts_to_losing_election_having_covid_no/gaw4oz5/
33,gaw36gn,someguy219,What happens if he wins again?,What happens if he wins again?,0,2020-11-02 12:46:43,<praw.models.comment_forest.CommentForest object at 0x0000022E88968EE0>,jmmp09,reactiongifs,t5_2t5y3,,False,False,t3_jmmp09,t3_jmmp09,/r/reactiongifs/comments/jmmp09/trump_reacts_to_losing_election_having_covid_no/gaw36gn/
34,gaw8n57,,[removed],[removed],-7,2020-11-02 13:50:28,<praw.models.comment_forest.CommentForest object at 0x0000022E88968F10>,jmmp09,reactiongifs,t5_2t5y3,,False,False,t3_jmmp09,t3_jmmp09,/r/reactiongifs/comments/jmmp09/trump_reacts_to_losing_election_having_covid_no/gaw8n57/
35,gawawjr,BiskyRiscuits,The most accurate part is all the chaos that ensues after,The most accurate part is all the chaos that ensues after,0,2020-11-02 14:13:25,<praw.models.comment_forest.CommentForest object at 0x0000022E889860A0>,jmmp09,reactiongifs,t5_2t5y3,,False,False,t3_jmmp09,t3_jmmp09,/r/reactiongifs/comments/jmmp09/trump_reacts_to_losing_election_having_covid_no/gawawjr/
36,gaycwiq,scottyb83,I just had a thought...is Trump loses could he go and try to campaign for 2024??,I just had a thought...is Trump loses could he go and try to campaign for 2024??,1,2020-11-03 00:23:50,<praw.models.comment_forest.CommentForest object at 0x0000022E88986160>,jmmp09,reactiongifs,t5_2t5y3,,False,False,t3_jmmp09,t3_jmmp09,/r/reactiongifs/comments/jmmp09/trump_reacts_to_losing_election_having_covid_no/gaycwiq/
37,gbepcac,Vetoallthenoms,Does anyone else believe he’ll just continue campaigning even if he loses?,Does anyone else believe he’ll just continue campaigning even if he loses?,1,2020-11-07 01:08:36,<praw.models.comment_forest.CommentForest object at 0x0000022E889862E0>,jmmp09,reactiongifs,t5_2t5y3,,False,False,t3_jmmp09,t3_jmmp09,/r/reactiongifs/comments/jmmp09/trump_reacts_to_losing_election_having_covid_no/gbepcac/
38,gawbgop,,that's one heckin' good dogo.,that's one heckin' good dogo.,1,2020-11-02 14:18:51,<praw.models.comment_forest.CommentForest object at 0x0000022E88968D30>,jmmp09,reactiongifs,t5_2t5y3,,False,False,t3_jmmp09,t1_gaw3455,/r/reactiongifs/comments/jmmp09/trump_reacts_to_losing_election_having_covid_no/gawbgop/
39,gaw3l5c,HermanCainLibrary,"he celebrates in secret bath house at maralago with putin, un,xi, netanyahu, MBS and the USA freedom kids","he celebrates in secret bath house at maralago with putin, un,xi, netanyahu, MBS and the USA freedom kids",2,2020-11-02 12:51:53,<praw.models.comment_forest.CommentForest object at 0x0000022E88968F40>,jmmp09,reactiongifs,t5_2t5y3,,False,True,t3_jmmp09,t1_gaw36gn,/r/reactiongifs/comments/jmmp09/trump_reacts_to_losing_election_having_covid_no/gaw3l5c/
40,gaw8uoz,,[removed],[removed],2,2020-11-02 13:52:39,<praw.models.comment_forest.CommentForest object at 0x0000022E88986100>,jmmp09,reactiongifs,t5_2t5y3,,False,False,t3_jmmp09,t1_gaw8n57,/r/reactiongifs/comments/jmmp09/trump_reacts_to_losing_election_having_covid_no/gaw8uoz/
41,gawonwl,,"Oh yeah, because we lost our fearless, draft-dodging leader who can't walk down slight inclines or drink from a glass. WHAT ARE WE GONNA DO?","Oh yeah, because we lost our fearless, draft-dodging leader who can't walk down slight inclines or drink from a glass. WHAT ARE WE GONNA DO?",0,2020-11-02 16:12:14,<praw.models.comment_forest.CommentForest object at 0x0000022E88986220>,jmmp09,reactiongifs,t5_2t5y3,,False,False,t3_jmmp09,t1_gawawjr,/r/reactiongifs/comments/jmmp09/trump_reacts_to_losing_election_having_covid_no/gawonwl/
42,gaw9oqe,,[removed],[removed],7,2020-11-02 14:01:19,<praw.models.comment_forest.CommentForest object at 0x0000022E889861C0>,jmmp09,reactiongifs,t5_2t5y3,,False,False,t3_jmmp09,t1_gaw8uoz,/r/reactiongifs/comments/jmmp09/trump_reacts_to_losing_election_having_covid_no/gaw9oqe/
43,gawp6yd,BiskyRiscuits,"Yep, all for a racist old mumble mouth who can barely speak and made millions for him and his family through being a professional politician. Russia and China are licking their chops right now.","Yep, all for a racist old mumble mouth who can barely speak and made millions for him and his family through being a professional politician. Russia and China are licking their chops right now.",-1,2020-11-02 16:16:32,<praw.models.comment_forest.CommentForest object at 0x0000022E889863A0>,jmmp09,reactiongifs,t5_2t5y3,,False,False,t3_jmmp09,t1_gawonwl,/r/reactiongifs/comments/jmmp09/trump_reacts_to_losing_election_having_covid_no/gawp6yd/
44,gawff8b,,[removed],[removed],-5,2020-11-02 14:55:06,<praw.models.comment_forest.CommentForest object at 0x0000022E88986280>,jmmp09,reactiongifs,t5_2t5y3,,False,False,t3_jmmp09,t1_gaw9oqe,/r/reactiongifs/comments/jmmp09/trump_reacts_to_losing_election_having_covid_no/gawff8b/
45,gawhpbg,,[removed],[removed],7,2020-11-02 15:15:00,<praw.models.comment_forest.CommentForest object at 0x0000022E88986340>,jmmp09,reactiongifs,t5_2t5y3,,False,False,t3_jmmp09,t1_gawff8b,/r/reactiongifs/comments/jmmp09/trump_reacts_to_losing_election_having_covid_no/gawhpbg/
46,gawpj31,,[removed],[removed],2,2020-11-02 16:19:14,<praw.models.comment_forest.CommentForest object at 0x0000022E88986400>,jmmp09,reactiongifs,t5_2t5y3,,False,False,t3_jmmp09,t1_gawhpbg,/r/reactiongifs/comments/jmmp09/trump_reacts_to_losing_election_having_covid_no/gawpj31/
47,gawy7i6,,[removed],[removed],1,2020-11-02 17:27:16,<praw.models.comment_forest.CommentForest object at 0x0000022E889864C0>,jmmp09,reactiongifs,t5_2t5y3,,False,False,t3_jmmp09,t1_gawpj31,/r/reactiongifs/comments/jmmp09/trump_reacts_to_losing_election_having_covid_no/gawy7i6/
48,gax013s,,[removed],[removed],1,2020-11-02 17:41:30,<praw.models.comment_forest.CommentForest object at 0x0000022E88986580>,jmmp09,reactiongifs,t5_2t5y3,,False,False,t3_jmmp09,t1_gawy7i6,/r/reactiongifs/comments/jmmp09/trump_reacts_to_losing_election_having_covid_no/gax013s/
49,jxqgcgm,Iwasrightdamnit,Looks like a toddler that finally got told “no”,Looks like a toddler that finally got told “no”,2,2023-08-25 19:24:05,<praw.models.comment_forest.CommentForest object at 0x0000022E88986B20>,1614zwl,reactiongifs,t5_2t5y3,,False,False,t3_1614zwl,t3_1614zwl,/r/reactiongifs/comments/1614zwl/mrw_im_really_unhappy_about_having_my_picture/jxqgcgm/
50,jxqq17b,MoranthMunition,I know! And that was before the photoshop!,I know! And that was before the photoshop!,0,2023-08-25 20:24:35,<praw.models.comment_forest.CommentForest object at 0x0000022E88986BB0>,1614zwl,reactiongifs,t5_2t5y3,,False,True,t3_1614zwl,t1_jxqgcgm,/r/reactiongifs/comments/1614zwl/mrw_im_really_unhappy_about_having_my_picture/jxqq17b/
